Epochs: 250 
Learning Rate: 5e-06 
weight decay: 0
Training Loss: L1Loss()
Test Loss: L1Loss() 
self.self.optimizer: Adam (
Parameter Group 0
    amsgrad: False
    betas: (0.9, 0.999)
    eps: 1e-08
    lr: 5e-06
    weight_decay: 0
)
Model Architecture: Autoencoder(
  (encoder): Sequential(
    (0): Linear(in_features=55, out_features=55, bias=True)
    (1): LeakyReLU(negative_slope=0.01)
    (2): Linear(in_features=55, out_features=55, bias=True)
    (3): LeakyReLU(negative_slope=0.01)
    (4): Linear(in_features=55, out_features=55, bias=True)
    (5): LeakyReLU(negative_slope=0.01)
  )
)
Training completed in: 21.89 minutes
Train loss values: [197.25267028808594, 166.022705078125, 142.3888397216797, 126.5113296508789, 120.3472671508789, 113.67194366455078, 110.96846008300781, 107.36289978027344, 102.50334167480469, 98.50296783447266, 95.05389404296875, 91.06548309326172, 87.69953155517578, 84.92219543457031, 82.82756805419922, 80.81346130371094, 78.85108947753906, 77.0921401977539, 75.89148712158203, 75.48406219482422, 75.26107788085938, 74.79225158691406, 74.16280364990234, 73.51710510253906, 72.94807434082031, 72.24711608886719, 71.49134826660156, 71.00177001953125, 70.16016387939453, 69.04159545898438, 68.34027099609375, 67.59893798828125, 67.1257095336914, 66.6232681274414, 66.37834167480469, 66.14744567871094, 65.36434936523438, 64.4266586303711, 64.14741516113281, 63.64383316040039, 63.248504638671875, 62.44207763671875, 62.22191619873047, 61.91225051879883, 61.42738342285156, 61.10512161254883, 60.78532409667969, 60.81016540527344, 60.07752227783203, 59.45098876953125, 58.78627014160156, 58.029605865478516, 57.4389533996582, 56.682926177978516, 56.04725646972656, 55.296180725097656, 54.55052947998047, 53.941261291503906, 53.37113952636719, 53.26012420654297, 53.274967193603516, 52.851417541503906, 52.725303649902344, 52.46692657470703, 51.88703536987305, 51.32937240600586, 50.61384582519531, 50.14466094970703, 49.77583312988281, 50.024776458740234, 50.22190475463867, 50.4381217956543, 50.27907943725586, 49.974464416503906, 49.62784194946289, 49.5479850769043, 49.472415924072266, 49.40736389160156, 49.300384521484375, 48.6998405456543, 49.03289794921875, 48.79716873168945, 48.825843811035156, 48.43728256225586, 47.82422637939453, 47.86363220214844, 47.61069869995117, 48.06407165527344, 47.16150665283203, 47.3687858581543, 47.13275146484375, 46.25007247924805, 46.110260009765625, 45.78116989135742, 45.54383087158203, 45.559627532958984, 45.56867599487305, 44.846595764160156, 45.15372848510742, 44.79427719116211, 45.30741882324219, 45.31545639038086, 44.30474853515625, 43.505828857421875, 43.08454895019531, 42.3891716003418, 42.269195556640625, 42.34782409667969, 42.92764663696289, 44.170982360839844, 43.45592498779297, 43.07859420776367, 42.275760650634766, 43.05809783935547, 43.65671157836914, 44.149749755859375, 43.582275390625, 42.193302154541016, 42.11639404296875, 42.12549591064453, 41.46687698364258, 41.0703010559082, 41.034915924072266, 41.11299133300781, 40.43653106689453, 39.745994567871094, 38.865013122558594, 38.51630783081055, 38.04509353637695, 38.094207763671875, 37.19220733642578, 37.254310607910156, 37.93486404418945, 38.795169830322266, 39.651756286621094, 40.15275192260742, 38.74767303466797, 38.053367614746094, 38.795066833496094, 39.488277435302734, 39.739418029785156, 40.59491729736328, 40.30702590942383, 39.340660095214844, 38.8343391418457, 37.92782211303711, 37.294891357421875, 37.21170425415039, 37.80766296386719, 37.757354736328125, 38.26060104370117, 39.35749435424805, 39.834754943847656, 38.73147964477539, 38.564205169677734, 37.80624008178711, 37.720428466796875, 37.2009162902832, 36.66927719116211, 37.299659729003906, 37.373226165771484, 37.42176818847656, 36.66252136230469, 36.781131744384766, 37.417808532714844, 36.78647994995117, 36.764129638671875, 37.24929428100586, 36.95914077758789, 36.56186294555664, 37.07063674926758, 36.9218635559082, 37.329368591308594, 37.18328857421875, 37.597137451171875, 37.01420974731445, 36.82637405395508, 36.8846549987793, 36.32844161987305, 36.29773712158203, 35.80168151855469, 36.229713439941406, 36.60434341430664, 36.43531036376953, 36.15019226074219, 35.908607482910156, 35.461952209472656, 35.834617614746094, 35.61159133911133, 35.26262664794922, 35.801483154296875, 35.32797622680664, 33.85326385498047, 33.50106430053711, 34.401241302490234, 35.63301467895508, 35.444087982177734, 35.803062438964844, 35.23469924926758, 36.20275115966797, 37.001529693603516, 37.984188079833984, 38.47700119018555, 38.446712493896484, 38.284420013427734, 37.6605339050293, 36.8308219909668, 36.017887115478516, 34.839927673339844, 33.98994064331055, 33.255245208740234, 33.5880241394043, 34.05964660644531, 33.62413787841797, 33.518375396728516, 33.47794723510742, 32.54458999633789, 33.110347747802734, 32.969093322753906, 33.246707916259766, 33.08066177368164, 32.75779342651367, 32.71155548095703, 34.179100036621094, 34.828712463378906, 34.544097900390625, 34.52484893798828, 34.57217788696289, 34.45109558105469, 33.96731948852539, 33.08571243286133, 32.65971755981445, 32.23162841796875, 32.313941955566406, 32.15977096557617, 32.179595947265625, 32.66065216064453, 32.89309310913086, 32.792118072509766, 31.266263961791992, 31.107093811035156, 30.263761520385742, 30.655029296875, 32.557037353515625, 33.7985725402832, 33.803348541259766, 33.14387130737305, 33.29917526245117, 32.79146957397461, 32.866024017333984] 
Test loss values: [0.16981551051139832, 0.1476922184228897, 0.1278243362903595, 0.11829899251461029, 0.1102151945233345, 0.10753604769706726, 0.10457174479961395, 0.10014569014310837, 0.0956621915102005, 0.09237852692604065, 0.08871712535619736, 0.0850565955042839, 0.08214357495307922, 0.07980390638113022, 0.07785116136074066, 0.07584912329912186, 0.07403475046157837, 0.07248926162719727, 0.07170902192592621, 0.07150467485189438, 0.07111656665802002, 0.0705292597413063, 0.06984268873929977, 0.06988482177257538, 0.06832132488489151, 0.06822498887777328, 0.06799646466970444, 0.06724962592124939, 0.065571628510952, 0.06460146605968475, 0.06484965980052948, 0.06391242146492004, 0.06386072188615799, 0.06235126778483391, 0.06337898969650269, 0.06295386701822281, 0.06076923385262489, 0.061257533729076385, 0.060325417667627335, 0.06041921302676201, 0.06057664752006531, 0.0594312883913517, 0.05870203301310539, 0.05840274319052696, 0.057941827923059464, 0.05696605145931244, 0.05733003467321396, 0.05788981541991234, 0.05706436187028885, 0.05574153736233711, 0.05418235436081886, 0.05451173335313797, 0.054184991866350174, 0.053268566727638245, 0.0523308664560318, 0.05108778178691864, 0.05097464099526405, 0.050074975937604904, 0.04920463636517525, 0.05025989189743996, 0.04970341548323631, 0.049549397081136703, 0.049569886177778244, 0.05006568506360054, 0.04955706372857094, 0.04918431490659714, 0.04826405644416809, 0.047155532985925674, 0.04646588861942291, 0.047541890293359756, 0.04685056209564209, 0.047306593507528305, 0.04753752797842026, 0.04658815637230873, 0.04654452204704285, 0.0475725494325161, 0.04723312333226204, 0.0439094603061676, 0.04610414057970047, 0.04726371541619301, 0.04585007205605507, 0.04740462079644203, 0.04777486249804497, 0.04637327417731285, 0.04607847332954407, 0.04459746554493904, 0.04652421921491623, 0.04397725313901901, 0.04487194865942001, 0.04528670758008957, 0.04445450007915497, 0.044874973595142365, 0.04426054656505585, 0.04388013854622841, 0.04374820739030838, 0.043866489082574844, 0.04279250651597977, 0.04142269492149353, 0.043276917189359665, 0.03973791375756264, 0.04113128036260605, 0.04193059727549553, 0.04065040126442909, 0.04039490967988968, 0.039578769356012344, 0.03978213667869568, 0.04014952853322029, 0.03852497786283493, 0.04079647362232208, 0.04094741865992546, 0.042071886360645294, 0.04081206023693085, 0.040296901017427444, 0.041724372655153275, 0.04023488238453865, 0.04184935986995697, 0.04101913049817085, 0.04019084572792053, 0.042374275624752045, 0.04159589856863022, 0.03977597504854202, 0.03952229768037796, 0.03888089582324028, 0.03921438008546829, 0.03819016367197037, 0.03645823150873184, 0.03554344177246094, 0.03505036607384682, 0.03613531216979027, 0.034512121230363846, 0.0349513478577137, 0.03513743355870247, 0.036047499626874924, 0.03454706445336342, 0.038358286023139954, 0.033301517367362976, 0.03650851547718048, 0.03680211678147316, 0.035044360905885696, 0.037962041795253754, 0.04024577885866165, 0.03737140819430351, 0.03686700761318207, 0.035943653434515, 0.03706720471382141, 0.033492982387542725, 0.03451922535896301, 0.03540400415658951, 0.035415902733802795, 0.03521973267197609, 0.039287567138671875, 0.035269495099782944, 0.03537147119641304, 0.03567815199494362, 0.0358290933072567, 0.03691376745700836, 0.03517545387148857, 0.033694081008434296, 0.03555084392428398, 0.03569722920656204, 0.03269451484084129, 0.03411480039358139, 0.03564811870455742, 0.03636034578084946, 0.035849083214998245, 0.034403327852487564, 0.036494143307209015, 0.03412846848368645, 0.034243036061525345, 0.03472084924578667, 0.0335056371986866, 0.03458414226770401, 0.03390154242515564, 0.034356702119112015, 0.03560057282447815, 0.033877093344926834, 0.03484026715159416, 0.03603434935212135, 0.034181639552116394, 0.0353812538087368, 0.03535855561494827, 0.03472478315234184, 0.03406846895813942, 0.03599821403622627, 0.03386542946100235, 0.03114657662808895, 0.0340605154633522, 0.034932587295770645, 0.03203258663415909, 0.0338139533996582, 0.03377734124660492, 0.03104669786989689, 0.03189271688461304, 0.032259367406368256, 0.03226066008210182, 0.03348563611507416, 0.03339620679616928, 0.03306920453906059, 0.03411729633808136, 0.03323742374777794, 0.033028606325387955, 0.036120541393756866, 0.03617638722062111, 0.034947317093610764, 0.03420044854283333, 0.03231538087129593, 0.032836806029081345, 0.03385264426469803, 0.032850369811058044, 0.03173301741480827, 0.03224300220608711, 0.03299082815647125, 0.029757104814052582, 0.031057581305503845, 0.033350929617881775, 0.02914290688931942, 0.0320001021027565, 0.02980762906372547, 0.031483761966228485, 0.03136097267270088, 0.03069312497973442, 0.030972586944699287, 0.03219494968652725, 0.03355737030506134, 0.03125022351741791, 0.032006118446588516, 0.03369578719139099, 0.030987152829766273, 0.034657977521419525, 0.03096422180533409, 0.031560610979795456, 0.028585288673639297, 0.029733287170529366, 0.02868407964706421, 0.02979825623333454, 0.030905460938811302, 0.03042464330792427, 0.031510256230831146, 0.030264774337410927, 0.030100282281637192, 0.027172062546014786, 0.02742185816168785, 0.02813275158405304, 0.03290066123008728, 0.03206847235560417, 0.03380466252565384, 0.030591093003749847, 0.030189134180545807, 0.03128385916352272, 0.0300801582634449]
